
param_ptm00 
830.457113665 0 640.0 
0 830.457113665 384.0 
0 0 1 
0.0
0.0
0.923879532511 0 -0.382683432365 -0.401817603983 
0 1 0 0 
0.382683432365 0 0.923879532511 0.970073509137 

param_ptm01 
830.457113665 0 640.0 
0 830.457113665 384.0 
0 0 1 
0.0
0.0
0.927183854567 0 -0.374606593416 -0.393336923087 
0 1 0 0 
0.374606593416 0 0.927183854567 0.973543047295 

param_ptm02 
830.457113665 0 640.0 
0 830.457113665 384.0 
0 0 1 
0.0
0.0
0.930417567982 0 -0.366501226724 -0.384826288061 
0 1 0 0 
0.366501226724 0 0.930417567982 0.976938446381 

param_ptm03 
830.457113665 0 640.0 
0 830.457113665 384.0 
0 0 1 
0.0
0.0
0.933580426497 0 -0.358367949545 -0.376286347023 
0 1 0 0 
0.358367949545 0 0.933580426497 0.980259447822 

param_ptm04 
830.457113665 0 640.0 
0 830.457113665 384.0 
0 0 1 
0.0
0.0
0.936672189248 0 -0.350207381259 -0.367717750322 
0 1 0 0 
0.350207381259 0 0.936672189248 0.983505798711 

param_ptm05 
830.457113665 0 640.0 
0 830.457113665 384.0 
0 0 1 
0.0
0.0
0.939692620786 0 -0.342020143326 -0.359121150492 
0 1 0 0 
0.342020143326 0 0.939692620786 0.986677251825 

param_ptm06 
830.457113665 0 640.0 
0 830.457113665 384.0 
0 0 1 
0.0
0.0
0.942641491092 0 -0.333806859234 -0.350497202195 
0 1 0 0 
0.333806859234 0 0.942641491092 0.989773565647 

param_ptm07 
830.457113665 0 640.0 
0 830.457113665 384.0 
0 0 1 
0.0
0.0
0.945518575599 0 -0.325568154457 -0.34184656218 
0 1 0 0 
0.325568154457 0 0.945518575599 0.992794504379 

param_ptm08 
830.457113665 0 640.0 
0 830.457113665 384.0 
0 0 1 
0.0
0.0
0.948323655206 0 -0.317304656405 -0.333169889225 
0 1 0 0 
0.317304656405 0 0.948323655206 0.995739837967 

param_ptm09 
830.457113665 0 640.0 
0 830.457113665 384.0 
0 0 1 
0.0
0.0
0.951056516295 0 -0.309016994375 -0.324467844094 
0 1 0 0 
0.309016994375 0 0.951056516295 0.99860934211 

param_ptm10 
830.457113665 0 640.0 
0 830.457113665 384.0 
0 0 1 
0.0
0.0
0.953716950748 0 -0.300705799504 -0.315741089479 
0 1 0 0 
0.300705799504 0 0.953716950748 1.00140279829 

param_ptm11 
830.457113665 0 640.0 
0 830.457113665 384.0 
0 0 1 
0.0
0.0
0.956304755963 0 -0.292371704723 -0.306990289959 
0 1 0 0 
0.292371704723 0 0.956304755963 1.00411999376 

param_ptm12 
830.457113665 0 640.0 
0 830.457113665 384.0 
0 0 1 
0.0
0.0
0.958819734868 0 -0.284015344704 -0.298216111939 
0 1 0 0 
0.284015344704 0 0.958819734868 1.00676072161 

param_ptm13 
830.457113665 0 640.0 
0 830.457113665 384.0 
0 0 1 
0.0
0.0
0.961261695938 0 -0.275637355817 -0.289419223608 
0 1 0 0 
0.275637355817 0 0.961261695938 1.00932478074 

param_ptm14 
830.457113665 0 640.0 
0 830.457113665 384.0 
0 0 1 
0.0
0.0
0.963630453209 0 -0.267238376078 -0.280600294882 
0 1 0 0 
0.267238376078 0 0.963630453209 1.01181197587 

param_ptm15 
830.457113665 0 640.0 
0 830.457113665 384.0 
0 0 1 
0.0
0.0
0.965925826289 0 -0.258819045103 -0.271759997358 
0 1 0 0 
0.258819045103 0 0.965925826289 1.0142221176 

param_ptm16 
830.457113665 0 640.0 
0 830.457113665 384.0 
0 0 1 
0.0
0.0
0.968147640378 0 -0.250380004054 -0.262899004257 
0 1 0 0 
0.250380004054 0 0.968147640378 1.0165550224 

param_ptm17 
830.457113665 0 640.0 
0 830.457113665 384.0 
0 0 1 
0.0
0.0
0.970295726276 0 -0.2419218956 -0.25401799038 
0 1 0 0 
0.2419218956 0 0.970295726276 1.01881051259 

param_ptm18 
830.457113665 0 640.0 
0 830.457113665 384.0 
0 0 1 
0.0
0.0
0.972369920398 0 -0.233445363856 -0.245117632049 
0 1 0 0 
0.233445363856 0 0.972369920398 1.02098841642 

param_ptm19 
830.457113665 0 640.0 
0 830.457113665 384.0 
0 0 1 
0.0
0.0
0.974370064785 0 -0.224951054344 -0.236198607061 
0 1 0 0 
0.224951054344 0 0.974370064785 1.02308856802 

param_ptm20 
830.457113665 0 640.0 
0 830.457113665 384.0 
0 0 1 
0.0
0.0
0.97629600712 0 -0.216439613938 -0.227261594635 
0 1 0 0 
0.216439613938 0 0.97629600712 1.02511080748 

param_ptm21 
830.457113665 0 640.0 
0 830.457113665 384.0 
0 0 1 
0.0
0.0
0.978147600734 0 -0.207911690818 -0.218307275359 
0 1 0 0 
0.207911690818 0 0.978147600734 1.02705498077 

param_ptm22 
830.457113665 0 640.0 
0 830.457113665 384.0 
0 0 1 
0.0
0.0
0.979924704621 0 -0.199367934417 -0.209336331138 
0 1 0 0 
0.199367934417 0 0.979924704621 1.02892093985 

param_ptm23 
830.457113665 0 640.0 
0 830.457113665 384.0 
0 0 1 
0.0
0.0
0.981627183448 0 -0.190808995377 -0.200349445145 
0 1 0 0 
0.190808995377 0 0.981627183448 1.03070854262 

param_ptm24 
830.457113665 0 640.0 
0 830.457113665 384.0 
0 0 1 
0.0
0.0
0.983254907564 0 -0.182235525492 -0.191347301767 
0 1 0 0 
0.182235525492 0 0.983254907564 1.03241765294 

param_ptm25 
830.457113665 0 640.0 
0 830.457113665 384.0 
0 0 1 
0.0
0.0
0.984807753012 0 -0.173648177667 -0.18233058655 
0 1 0 0 
0.173648177667 0 0.984807753012 1.03404814066 

param_ptm26 
830.457113665 0 640.0 
0 830.457113665 384.0 
0 0 1 
0.0
0.0
0.986285601537 0 -0.165047605861 -0.173299986154 
0 1 0 0 
0.165047605861 0 0.986285601537 1.03559988161 

param_ptm27 
830.457113665 0 640.0 
0 830.457113665 384.0 
0 0 1 
0.0
0.0
0.987688340595 0 -0.15643446504 -0.164256188292 
0 1 0 0 
0.15643446504 0 0.987688340595 1.03707275762 

param_ptm28 
830.457113665 0 640.0 
0 830.457113665 384.0 
0 0 1 
0.0
0.0
0.989015863362 0 -0.14780941113 -0.155199881686 
0 1 0 0 
0.14780941113 0 0.989015863362 1.03846665653 

param_ptm29 
830.457113665 0 640.0 
0 830.457113665 384.0 
0 0 1 
0.0
0.0
0.990268068742 0 -0.13917310096 -0.146131756008 
0 1 0 0 
0.13917310096 0 0.990268068742 1.03978147218 

param_ptm30 
830.457113665 0 640.0 
0 830.457113665 384.0 
0 0 1 
0.0
0.0
0.991444861374 0 -0.13052619222 -0.137052501831 
0 1 0 0 
0.13052619222 0 0.991444861374 1.04101710444 

param_ptm31 
830.457113665 0 640.0 
0 830.457113665 384.0 
0 0 1 
0.0
0.0
0.992546151641 0 -0.121869343405 -0.127962810575 
0 1 0 0 
0.121869343405 0 0.992546151641 1.04217345922 

param_ptm32 
830.457113665 0 640.0 
0 830.457113665 384.0 
0 0 1 
0.0
0.0
0.993571855677 0 -0.113203213768 -0.118863374456 
0 1 0 0 
0.113203213768 0 0.993571855677 1.04325044846 

param_ptm33 
830.457113665 0 640.0 
0 830.457113665 384.0 
0 0 1 
0.0
0.0
0.994521895368 0 -0.104528463268 -0.109754886431 
0 1 0 0 
0.104528463268 0 0.994521895368 1.04424799014 

param_ptm34 
830.457113665 0 640.0 
0 830.457113665 384.0 
0 0 1 
0.0
0.0
0.995396198367 0 -0.0958457525202 -0.100638040146 
0 1 0 0 
0.0958457525202 0 0.995396198367 1.04516600829 

param_ptm35 
830.457113665 0 640.0 
0 830.457113665 384.0 
0 0 1 
0.0
0.0
0.996194698092 0 -0.0871557427477 -0.091513529885 
0 1 0 0 
0.0871557427477 0 0.996194698092 1.046004433 

param_ptm36 
830.457113665 0 640.0 
0 830.457113665 384.0 
0 0 1 
0.0
0.0
0.996917333733 0 -0.0784590957278 -0.0823820505142 
0 1 0 0 
0.0784590957278 0 0.996917333733 1.04676320042 

param_ptm37 
830.457113665 0 640.0 
0 830.457113665 384.0 
0 0 1 
0.0
0.0
0.99756405026 0 -0.0697564737441 -0.0732442974313 
0 1 0 0 
0.0697564737441 0 0.99756405026 1.04744225277 

param_ptm38 
830.457113665 0 640.0 
0 830.457113665 384.0 
0 0 1 
0.0
0.0
0.998134798422 0 -0.0610485395349 -0.0641009665116 
0 1 0 0 
0.0610485395349 0 0.998134798422 1.04804153834 

param_ptm39 
830.457113665 0 640.0 
0 830.457113665 384.0 
0 0 1 
0.0
0.0
0.998629534755 0 -0.0523359562429 -0.0549527540551 
0 1 0 0 
0.0523359562429 0 0.998629534755 1.04856101149 

param_ptm40 
830.457113665 0 640.0 
0 830.457113665 384.0 
0 0 1 
0.0
0.0
0.999048221582 0 -0.0436193873653 -0.0458003567336 
0 1 0 0 
0.0436193873653 0 0.999048221582 1.04900063266 

param_ptm41 
830.457113665 0 640.0 
0 830.457113665 384.0 
0 0 1 
0.0
0.0
0.999390827019 0 -0.0348994967025 -0.0366444715376 
0 1 0 0 
0.0348994967025 0 0.999390827019 1.04936036837 

param_ptm42 
830.457113665 0 640.0 
0 830.457113665 384.0 
0 0 1 
0.0
0.0
0.999657324976 0 -0.0261769483079 -0.0274857957233 
0 1 0 0 
0.0261769483079 0 0.999657324976 1.04964019122 

param_ptm43 
830.457113665 0 640.0 
0 830.457113665 384.0 
0 0 1 
0.0
0.0
0.999847695156 0 -0.0174524064373 -0.0183250267591 
0 1 0 0 
0.0174524064373 0 0.999847695156 1.04984007991 

param_ptm44 
830.457113665 0 640.0 
0 830.457113665 384.0 
0 0 1 
0.0
0.0
0.999961923064 0 -0.00872653549837 -0.00916286227329 
0 1 0 0 
0.00872653549837 0 0.999961923064 1.04996001922 

param_ptm45 
830.457113665 0 640.0 
0 830.457113665 384.0 
0 0 1 
0.0
0.0
1.0 0 0.0 0.0 
0 1 0 0 
-0.0 0 1.0 1.05 

param_ptm46 
830.457113665 0 640.0 
0 830.457113665 384.0 
0 0 1 
0.0
0.0
0.999961923064 0 0.00872653549837 0.00916286227329 
0 1 0 0 
-0.00872653549837 0 0.999961923064 1.04996001922 

param_ptm47 
830.457113665 0 640.0 
0 830.457113665 384.0 
0 0 1 
0.0
0.0
0.999847695156 0 0.0174524064373 0.0183250267591 
0 1 0 0 
-0.0174524064373 0 0.999847695156 1.04984007991 

param_ptm48 
830.457113665 0 640.0 
0 830.457113665 384.0 
0 0 1 
0.0
0.0
0.999657324976 0 0.0261769483079 0.0274857957233 
0 1 0 0 
-0.0261769483079 0 0.999657324976 1.04964019122 

param_ptm49 
830.457113665 0 640.0 
0 830.457113665 384.0 
0 0 1 
0.0
0.0
0.999390827019 0 0.0348994967025 0.0366444715376 
0 1 0 0 
-0.0348994967025 0 0.999390827019 1.04936036837 

param_ptm50 
830.457113665 0 640.0 
0 830.457113665 384.0 
0 0 1 
0.0
0.0
0.999048221582 0 0.0436193873653 0.0458003567336 
0 1 0 0 
-0.0436193873653 0 0.999048221582 1.04900063266 

param_ptm51 
830.457113665 0 640.0 
0 830.457113665 384.0 
0 0 1 
0.0
0.0
0.998629534755 0 0.0523359562429 0.0549527540551 
0 1 0 0 
-0.0523359562429 0 0.998629534755 1.04856101149 

param_ptm52 
830.457113665 0 640.0 
0 830.457113665 384.0 
0 0 1 
0.0
0.0
0.998134798422 0 0.0610485395349 0.0641009665116 
0 1 0 0 
-0.0610485395349 0 0.998134798422 1.04804153834 

param_ptm53 
830.457113665 0 640.0 
0 830.457113665 384.0 
0 0 1 
0.0
0.0
0.99756405026 0 0.0697564737441 0.0732442974313 
0 1 0 0 
-0.0697564737441 0 0.99756405026 1.04744225277 

param_ptm54 
830.457113665 0 640.0 
0 830.457113665 384.0 
0 0 1 
0.0
0.0
0.996917333733 0 0.0784590957278 0.0823820505142 
0 1 0 0 
-0.0784590957278 0 0.996917333733 1.04676320042 

param_ptm55 
830.457113665 0 640.0 
0 830.457113665 384.0 
0 0 1 
0.0
0.0
0.996194698092 0 0.0871557427477 0.091513529885 
0 1 0 0 
-0.0871557427477 0 0.996194698092 1.046004433 

param_ptm56 
830.457113665 0 640.0 
0 830.457113665 384.0 
0 0 1 
0.0
0.0
0.995396198367 0 0.0958457525202 0.100638040146 
0 1 0 0 
-0.0958457525202 0 0.995396198367 1.04516600829 

param_ptm57 
830.457113665 0 640.0 
0 830.457113665 384.0 
0 0 1 
0.0
0.0
0.994521895368 0 0.104528463268 0.109754886431 
0 1 0 0 
-0.104528463268 0 0.994521895368 1.04424799014 

param_ptm58 
830.457113665 0 640.0 
0 830.457113665 384.0 
0 0 1 
0.0
0.0
0.993571855677 0 0.113203213768 0.118863374456 
0 1 0 0 
-0.113203213768 0 0.993571855677 1.04325044846 

param_ptm59 
830.457113665 0 640.0 
0 830.457113665 384.0 
0 0 1 
0.0
0.0
0.992546151641 0 0.121869343405 0.127962810575 
0 1 0 0 
-0.121869343405 0 0.992546151641 1.04217345922 

param_ptm60 
830.457113665 0 640.0 
0 830.457113665 384.0 
0 0 1 
0.0
0.0
0.991444861374 0 0.13052619222 0.137052501831 
0 1 0 0 
-0.13052619222 0 0.991444861374 1.04101710444 

param_ptm61 
830.457113665 0 640.0 
0 830.457113665 384.0 
0 0 1 
0.0
0.0
0.990268068742 0 0.13917310096 0.146131756008 
0 1 0 0 
-0.13917310096 0 0.990268068742 1.03978147218 

param_ptm62 
830.457113665 0 640.0 
0 830.457113665 384.0 
0 0 1 
0.0
0.0
0.989015863362 0 0.14780941113 0.155199881686 
0 1 0 0 
-0.14780941113 0 0.989015863362 1.03846665653 

param_ptm63 
830.457113665 0 640.0 
0 830.457113665 384.0 
0 0 1 
0.0
0.0
0.987688340595 0 0.15643446504 0.164256188292 
0 1 0 0 
-0.15643446504 0 0.987688340595 1.03707275762 

param_ptm64 
830.457113665 0 640.0 
0 830.457113665 384.0 
0 0 1 
0.0
0.0
0.986285601537 0 0.165047605861 0.173299986154 
0 1 0 0 
-0.165047605861 0 0.986285601537 1.03559988161 

param_ptm65 
830.457113665 0 640.0 
0 830.457113665 384.0 
0 0 1 
0.0
0.0
0.984807753012 0 0.173648177667 0.18233058655 
0 1 0 0 
-0.173648177667 0 0.984807753012 1.03404814066 

param_ptm66 
830.457113665 0 640.0 
0 830.457113665 384.0 
0 0 1 
0.0
0.0
0.983254907564 0 0.182235525492 0.191347301767 
0 1 0 0 
-0.182235525492 0 0.983254907564 1.03241765294 

param_ptm67 
830.457113665 0 640.0 
0 830.457113665 384.0 
0 0 1 
0.0
0.0
0.981627183448 0 0.190808995377 0.200349445145 
0 1 0 0 
-0.190808995377 0 0.981627183448 1.03070854262 

param_ptm68 
830.457113665 0 640.0 
0 830.457113665 384.0 
0 0 1 
0.0
0.0
0.979924704621 0 0.199367934417 0.209336331138 
0 1 0 0 
-0.199367934417 0 0.979924704621 1.02892093985 

param_ptm69 
830.457113665 0 640.0 
0 830.457113665 384.0 
0 0 1 
0.0
0.0
0.978147600734 0 0.207911690818 0.218307275359 
0 1 0 0 
-0.207911690818 0 0.978147600734 1.02705498077 

param_ptm70 
830.457113665 0 640.0 
0 830.457113665 384.0 
0 0 1 
0.0
0.0
0.97629600712 0 0.216439613938 0.227261594635 
0 1 0 0 
-0.216439613938 0 0.97629600712 1.02511080748 

param_ptm71 
830.457113665 0 640.0 
0 830.457113665 384.0 
0 0 1 
0.0
0.0
0.974370064785 0 0.224951054344 0.236198607061 
0 1 0 0 
-0.224951054344 0 0.974370064785 1.02308856802 

param_ptm72 
830.457113665 0 640.0 
0 830.457113665 384.0 
0 0 1 
0.0
0.0
0.972369920398 0 0.233445363856 0.245117632049 
0 1 0 0 
-0.233445363856 0 0.972369920398 1.02098841642 

param_ptm73 
830.457113665 0 640.0 
0 830.457113665 384.0 
0 0 1 
0.0
0.0
0.970295726276 0 0.2419218956 0.25401799038 
0 1 0 0 
-0.2419218956 0 0.970295726276 1.01881051259 

param_ptm74 
830.457113665 0 640.0 
0 830.457113665 384.0 
0 0 1 
0.0
0.0
0.968147640378 0 0.250380004054 0.262899004257 
0 1 0 0 
-0.250380004054 0 0.968147640378 1.0165550224 

param_ptm75 
830.457113665 0 640.0 
0 830.457113665 384.0 
0 0 1 
0.0
0.0
0.965925826289 0 0.258819045103 0.271759997358 
0 1 0 0 
-0.258819045103 0 0.965925826289 1.0142221176 

param_ptm76 
830.457113665 0 640.0 
0 830.457113665 384.0 
0 0 1 
0.0
0.0
0.963630453209 0 0.267238376078 0.280600294882 
0 1 0 0 
-0.267238376078 0 0.963630453209 1.01181197587 

param_ptm77 
830.457113665 0 640.0 
0 830.457113665 384.0 
0 0 1 
0.0
0.0
0.961261695938 0 0.275637355817 0.289419223608 
0 1 0 0 
-0.275637355817 0 0.961261695938 1.00932478074 

param_ptm78 
830.457113665 0 640.0 
0 830.457113665 384.0 
0 0 1 
0.0
0.0
0.958819734868 0 0.284015344704 0.298216111939 
0 1 0 0 
-0.284015344704 0 0.958819734868 1.00676072161 

param_ptm79 
830.457113665 0 640.0 
0 830.457113665 384.0 
0 0 1 
0.0
0.0
0.956304755963 0 0.292371704723 0.306990289959 
0 1 0 0 
-0.292371704723 0 0.956304755963 1.00411999376 

param_ptm80 
830.457113665 0 640.0 
0 830.457113665 384.0 
0 0 1 
0.0
0.0
0.953716950748 0 0.300705799504 0.315741089479 
0 1 0 0 
-0.300705799504 0 0.953716950748 1.00140279829 

param_ptm81 
830.457113665 0 640.0 
0 830.457113665 384.0 
0 0 1 
0.0
0.0
0.951056516295 0 0.309016994375 0.324467844094 
0 1 0 0 
-0.309016994375 0 0.951056516295 0.99860934211 

param_ptm82 
830.457113665 0 640.0 
0 830.457113665 384.0 
0 0 1 
0.0
0.0
0.948323655206 0 0.317304656405 0.333169889225 
0 1 0 0 
-0.317304656405 0 0.948323655206 0.995739837967 

param_ptm83 
830.457113665 0 640.0 
0 830.457113665 384.0 
0 0 1 
0.0
0.0
0.945518575599 0 0.325568154457 0.34184656218 
0 1 0 0 
-0.325568154457 0 0.945518575599 0.992794504379 

param_ptm84 
830.457113665 0 640.0 
0 830.457113665 384.0 
0 0 1 
0.0
0.0
0.942641491092 0 0.333806859234 0.350497202195 
0 1 0 0 
-0.333806859234 0 0.942641491092 0.989773565647 

param_ptm85 
830.457113665 0 640.0 
0 830.457113665 384.0 
0 0 1 
0.0
0.0
0.939692620786 0 0.342020143326 0.359121150492 
0 1 0 0 
-0.342020143326 0 0.939692620786 0.986677251825 

param_ptm86 
830.457113665 0 640.0 
0 830.457113665 384.0 
0 0 1 
0.0
0.0
0.936672189248 0 0.350207381259 0.367717750322 
0 1 0 0 
-0.350207381259 0 0.936672189248 0.983505798711 

param_ptm87 
830.457113665 0 640.0 
0 830.457113665 384.0 
0 0 1 
0.0
0.0
0.933580426497 0 0.358367949545 0.376286347023 
0 1 0 0 
-0.358367949545 0 0.933580426497 0.980259447822 

param_ptm88 
830.457113665 0 640.0 
0 830.457113665 384.0 
0 0 1 
0.0
0.0
0.930417567982 0 0.366501226724 0.384826288061 
0 1 0 0 
-0.366501226724 0 0.930417567982 0.976938446381 

param_ptm89 
830.457113665 0 640.0 
0 830.457113665 384.0 
0 0 1 
0.0
0.0
0.927183854567 0 0.374606593416 0.393336923087 
0 1 0 0 
-0.374606593416 0 0.927183854567 0.973543047295 

param_ptm90 
830.457113665 0 640.0 
0 830.457113665 384.0 
0 0 1 
0.0
0.0
0.923879532511 0 0.382683432365 0.401817603983 
0 1 0 0 
-0.382683432365 0 0.923879532511 0.970073509137 
